 0.000000000000000000e+00 6.743581126052526997e+01 4.747867912128111989e+00
1.055276381909547867e-02 6.780752709386106858e+01 4.578439515485355216e+00
2.110552763819095734e-02 6.818478386091805987e+01 4.413381128708041778e+00
3.165829145728643601e-02 6.856758307302669664e+01 4.252809262732776041e+00
4.221105527638191468e-02 6.895592518803027815e+01 4.096851820997948757e+00
5.276381909547738641e-02 6.934980960538801753e+01 3.945648961137161681e+00
6.331658291457287202e-02 6.974923466150630702e+01 3.799353895683625471e+00
7.386934673366835069e-02 7.015419762529811010e+01 3.658133575106712776e+00
8.442211055276382936e-02 7.056469469396870409e+01 3.522169177883585078e+00
9.497487437185930803e-02 7.098072098903664084e+01 3.391656310287145537e+00
1.055276381909547728e-01 7.140227055258355904e+01 3.266804793940750073e+00
1.160804020100502515e-01 7.182933634373677023e+01 3.147837893450778246e+00
1.266331658291457440e-01 7.226191023539354319e+01 3.034990812602502253e+00
1.371859296482412227e-01 7.269998301117489348e+01 2.928508270331076080e+00
1.477386934673367014e-01 7.314354436262760828e+01 2.828640963834848421e+00
1.582914572864321523e-01 7.359258288665118641e+01 2.735640744550657644e+00
1.688442211055276587e-01 7.404708608319060659e+01 2.649754383300274796e+00
1.793969849246231374e-01 7.450704035314703333e+01 2.571215892982659401e+00
1.899497487437186161e-01 7.497243099654110665e+01 2.500237516211964994e+00
2.005025125628140670e-01 7.544324221093265237e+01 2.436999668348796444e+00
2.110552763819095456e-01 7.591945709006995457e+01 2.381640337643083249e+00
2.216080402010050243e-01 7.640105762279466717e+01 2.334244653042086171e+00
2.321608040201005030e-01 7.688802469219876912e+01 2.294835491829450014e+00
2.427135678391960094e-01 7.738033807501561512e+01 2.263366064204087369e+00
2.532663316582914881e-01 7.787797644128522734e+01 2.239715339650470316e+00
2.638190954773869112e-01 7.838091735424266915e+01 2.223686955522522268e+00
2.743718592964824454e-01 7.888913727047747670e+01 2.215011894660599001e+00
2.849246231155779241e-01 7.940261154034020308e+01 2.213354795379947504e+00
2.954773869346734028e-01 7.992131440860089242e+01 2.218323347245851007e+00
3.060301507537688814e-01 8.044521901534834285e+01 2.229479910076890281e+00
3.165829145728643046e-01 8.097429739717063057e+01 2.246354327187801037e+00
3.271356783919598388e-01 8.150852048856359033e+01 2.268456901280970328e+00
3.376884422110553174e-01 8.204785812360387354e+01 2.295290639030491686e+00
3.482412060301507406e-01 8.259227903787646596e+01 2.326362097759905545e+00
3.587939698492462748e-01 8.314175087065450498e+01 2.361190428070847780e+00
3.693467336683416979e-01 8.369624016733473582e+01 2.399314451080694965e+00
3.798994974874372321e-01 8.425571238212592107e+01 2.440297806789922141e+00
3.904522613065326553e-01 8.482013188098989076e+01 2.483732347947715358e+00
4.010050251256281340e-01 8.538946194484583430e+01 2.529240032944831462e+00
4.115577889447236681e-01 8.596366477301648956e+01 2.576473601882891540e+00
4.221105527638190913e-01 8.654270148693308329e+01 2.625116315469424144e+00
4.326633165829146255e-01 8.712653213409414832e+01 2.674881010193423947e+00
4.432160804020100486e-01 8.771511569228437111e+01 2.725508685654262298e+00
4.537688442211055273e-01 8.830841007402126763e+01 2.776766799413793674e+00
4.643216080402010060e-01 8.890637213128457006e+01 2.828447405752287924e+00
4.748743718592964846e-01 8.950895766047767665e+01 2.880365240293732754e+00
4.854271356783920188e-01 9.011612140764214018e+01 2.932355823540380158e+00
4.959798994974874420e-01 9.072781707392093153e+01 2.984273633280024818e+00
5.065326633165829762e-01 9.134399732128395044e+01 3.035990377781665028e+00
5.170854271356783993e-01 9.196461377847384711e+01 3.087393388282890339e+00
5.276381909547738225e-01 9.258961704722514696e+01 3.138384139451215304e+00
5.381909547738693567e-01 9.321895670871660400e+01 3.188876899603003690e+00
5.487437185929648908e-01 9.385258133026650285e+01 3.238797507759962002e+00
5.592964824120603140e-01 9.449043847227441972e+01 3.288082271709959592e+00
5.698492462311558482e-01 9.513247469540851853e+01 3.336676979341283378e+00
5.804020100502512713e-01 9.577863556802334699e+01 3.384536014693643402e+00
5.909547738693468055e-01 9.642886567382788598e+01 3.431621569811055039e+00
6.015075376884422287e-01 9.708310861978040407e+01 3.477902943603477404e+00
6.120603015075377629e-01 9.774130704423282623e+01 3.523355919248028378e+00
6.226130653266331860e-01 9.840340262529043969e+01 3.567962212198120930e+00
6.331658291457286092e-01 9.906933608942040337e+01 3.611708981429499143e+00
6.437185929648241434e-01 9.973904722029142533e+01 3.654588397189338700e+00
6.542713567839196775e-01 1.004124748678275409e+02 3.696597259145566916e+00
6.648241206030151007e-01 1.010895569575024808e+02 3.737736659390170413e+00
6.753768844221106349e-01 1.017702304998526870e+02 3.778011685352197002e+00
6.859296482412060580e-01 1.024544316002211559e+02 3.817431158148409498e+00
6.964824120603014812e-01 1.031420954687071116e+02 3.856007402427397590e+00
7.070351758793970154e-01 1.038331564303554160e+02 3.893756044099448754e+00
7.175879396984925496e-01 1.045275479355398147e+02 3.930695832807432399e+00
7.281407035175879727e-01 1.052252025705793983e+02 3.966848486279110908e+00
7.386934673366833959e-01 1.059260520685629672e+02 4.002238553981325886e+00
7.492462311557788190e-01 1.066300273203634248e+02 4.036893297811865011e+00
7.597989949748744642e-01 1.073370583858954888e+02 4.070842587726559714e+00
7.703517587939698874e-01 1.080470745055390012e+02 4.104118810429555175e+00
7.809045226130653106e-01 1.087600041118000718e+02 4.136756789414244295e+00
7.914572864321608447e-01 1.094757748411367544e+02 4.168793714782981219e+00
8.020100502512562679e-01 1.101943135460187477e+02 4.200269081405765270e+00
8.125628140703518021e-01 1.109155463071385412e+02 4.231224634066561130e+00
8.231155778894473363e-01 1.116393984458529758e+02 4.261704318361005939e+00
8.336683417085427594e-01 1.123657945367898634e+02 4.291754236173670023e+00
8.442211055276381826e-01 1.130946584206408261e+02 4.321422604611602658e+00
8.547738693467336057e-01 1.138259132171522481e+02 4.350759717365022539e+00
8.653266331658292509e-01 1.145594813382717803e+02 4.379817907481468708e+00
8.758793969849246741e-01 1.152952845014925316e+02 4.408651510593518452e+00
8.864321608040200973e-01 1.160332437433580708e+02 4.437316827688470688e+00
8.969849246231156314e-01 1.167732794331343769e+02 4.465872086533725138e+00
9.075376884422110546e-01 1.175153112866653373e+02 4.494377400906016895e+00
9.180904522613065888e-01 1.182592583803670720e+02 4.522894726820147149e+00
9.286432160804020119e-01 1.190050391654062878e+02 4.551487814982219327e+00
9.391959798994975461e-01 1.197525714820136500e+02 4.580222158735455018e+00
9.497487437185929693e-01 1.205017725739687648e+02 4.609164936817483849e+00
9.603015075376883924e-01 1.212525591032217562e+02 4.638384950288996222e+00
9.708542713567840376e-01 1.220048471646623511e+02 4.667952553075636501e+00
9.814070351758794608e-01 1.227585523010409929e+02 4.697939575599405337e+00
9.919597989949748840e-01 1.235135895180183070e+02 4.728419241077824964e+00
1.002512562814070307e+00 1.242698732993561919e+02 4.759466074149528936e+00
1.013065326633165952e+00 1.250273176222306120e+02 4.791155801552865690e+00
1.023618090452261375e+00 1.257858359726902790e+02 4.823565244722993306e+00
1.034170854271356799e+00 1.265453413612235636e+02 4.856772204255408454e+00
1.044723618090452222e+00 1.273057463384474062e+02 4.890855336315728330e+00
1.055276381909547645e+00 1.280669630109193804e+02 4.925894021190745597e+00
1.065829145728643290e+00 1.288289030570649061e+02 4.961968224305992159e+00
1.076381909547738713e+00 1.295914777431987659e+02 4.999158350184925048e+00
1.086934673366834136e+00 1.303545979396645578e+02 5.037545089928108233e+00
1.097487437185929782e+00 1.311181741370708096e+02 5.077209262941546619e+00
1.108040201005025205e+00 1.318821164626233156e+02 5.118231653768844147e+00
1.118592964824120628e+00 1.326463346965506389e+02 5.160692845006687790e+00
1.129145728643216273e+00 1.334107382886217579e+02 5.204673047364059890e+00
1.139698492462311696e+00 1.341752363747430081e+02 5.250251928063073059e+00
1.150251256281407120e+00 1.349397377936417115e+02 5.297508438832324806e+00
1.160804020100502543e+00 1.357041511036186421e+02 5.346520644805705658e+00
1.171356783919598188e+00 1.364683845993836542e+02 5.397365555694025652e+00
1.181909547738693611e+00 1.372323463289512802e+02 5.450118960605620622e+00
1.192462311557789034e+00 1.379959441106063025e+02 5.504855267879471548e+00
1.203015075376884457e+00 1.387590855499199733e+02 5.561647351276607587e+00
1.213567839195979881e+00 1.395216780568386525e+02 5.620566403816272150e+00
1.224120603015075526e+00 1.402836288628063812e+02 5.681681800450851583e+00
1.234673366834170949e+00 1.410448450379489316e+02 5.745060970699412017e+00
1.245226130653266372e+00 1.418052335082918489e+02 5.810769282202564945e+00
1.255778894472361795e+00 1.425647010730227180e+02 5.878869936066496216e+00
1.266331658291457218e+00 1.433231544217852615e+02 5.949423874657814970e+00
1.276884422110552864e+00 1.440805001520106146e+02 6.022489702409550283e+00
1.287437185929648287e+00 1.448366447862653104e+02 6.098123619963873310e+00
1.297989949748743710e+00 1.455914947896242211e+02 6.176379371858727652e+00
1.308542713567839355e+00 1.463449565870707829e+02 6.257308207766405950e+00
1.319095477386934778e+00 1.470969365808946634e+02 6.340958857123919046e+00
1.329648241206030201e+00 1.478473411681175094e+02 6.427377516858538087e+00
1.340201005025125625e+00 1.485960767579020683e+02 6.516607851739106394e+00
1.350753768844221270e+00 1.493430497889788739e+02 6.608691006775933907e+00
1.361306532663316693e+00 1.500881667470682430e+02 6.703665630964151134e+00
1.371859296482412116e+00 1.508313341822848770e+02 6.801567911565884472e+00
1.382412060301507761e+00 1.515724587265356149e+02 6.902431618067218722e+00
1.392964824120602962e+00 1.523114471109038277e+02 7.006288154847305272e+00
1.403517587939698608e+00 1.530482061830119846e+02 7.113166621616973551e+00
1.414070351758794031e+00 1.537826429243541497e+02 7.223093880594375626e+00
1.424623115577889454e+00 1.545146644676061953e+02 7.336094629434914083e+00
1.435175879396985099e+00 1.552441781138996930e+02 7.452191478911892375e+00
1.445728643216080300e+00 1.559710913500571792e+02 7.571405034383757560e+00
1.456281407035175945e+00 1.566953118657916093e+02 7.693753980115731750e+00
1.466834170854271591e+00 1.574167475708554491e+02 7.819255165569569677e+00
1.477386934673366792e+00 1.581353066121330357e+02 7.947923692844218735e+00
1.487939698492462437e+00 1.588508973906963604e+02 8.079773004484037457e+00
1.498492462311557638e+00 1.595634285787875797e+02 8.214814970977332820e+00
1.509045226130653283e+00 1.602728091367444279e+02 8.353059977300258510e+00
1.519597989949748928e+00 1.609789483298609412e+02 8.494517007952230969e+00
1.530150753768844130e+00 1.616817557451738310e+02 8.639193730004270932e+00
1.540703517587939775e+00 1.623811413081789397e+02 8.787096573726728366e+00
1.551256281407035198e+00 1.630770152994651312e+02 8.938230810458211550e+00
1.561809045226130621e+00 1.637692883712722960e+02 9.092600627421967729e+00
1.572361809045226266e+00 1.644578715639502775e+02 9.250209199260153170e+00
1.582914572864321689e+00 1.651426763223391845e+02 9.411058756118292123e+00
1.593467336683417113e+00 1.658236145120584411e+02 9.575150648153744726e+00
1.604020100502512536e+00 1.665005984356848785e+02 9.742485406396868441e+00
1.614572864321608181e+00 1.671735408488312942e+02 9.913062799922853330e+00
1.625125628140703604e+00 1.678423549761331515e+02 1.008688188934510066e+01
1.635678391959799027e+00 1.685069545271109632e+02 1.026394107665890054e+01
1.646231155778894673e+00 1.691672537119229673e+02 1.044423815149435697e+01
1.656783919597989874e+00 1.698231672570107946e+02 1.062777033386773518e+01
1.667336683417085519e+00 1.704746104206025166e+02 1.081453431353206440e+01
1.677889447236181164e+00 1.711214990081217593e+02 1.100452628604321959e+01
1.688442211055276365e+00 1.717637493874399297e+02 1.119774198567775869e+01
1.698994974874372010e+00 1.724012785040184497e+02 1.139417671534052801e+01
1.709547738693467211e+00 1.730340038959017193e+02 1.159382537360694165e+01
1.720100502512562857e+00 1.736618437085848257e+02 1.179668247905720868e+01
1.730653266331658502e+00 1.742847167097269221e+02 1.200274219205044446e+01
1.741206030150753703e+00 1.749025423037272446e+02 1.221199833409503910e+01
1.751758793969849348e+00 1.755152405461561784e+02 1.242444440497169111e+01
1.762311557788944771e+00 1.761227321580209377e+02 1.264007359775796679e+01
1.772864321608040195e+00 1.767249385398926051e+02 1.285887881189904647e+01
1.783417085427135840e+00 1.773217817858632657e+02 1.308085266447290884e+01
1.793969849246231263e+00 1.779131846973502888e+02 1.330598749979148820e+01
1.804522613065326686e+00 1.784990707967291144e+02 1.353427539746118491e+01
1.815075376884422109e+00 1.790793643408043181e+02 1.376570817904148214e+01
1.825628140703517754e+00 1.796539903341090394e+02 1.400027741342012355e+01
1.836180904522613178e+00 1.802228745420278528e+02 1.423797442101206379e+01
1.846733668341708601e+00 1.807859435037516675e+02 1.447879027691088005e+01
1.857286432160804024e+00 1.813431245450412916e+02 1.472271581307438026e+01
1.867839195979899447e+00 1.818943457908213759e+02 1.496974161965759542e+01
1.878391959798995092e+00 1.824395361775860920e+02 1.521985804557448496e+01
1.888944723618090515e+00 1.829786254656123958e+02 1.547305519838076115e+01
1.899497487437185939e+00 1.835115442509910508e+02 1.572932294355284277e+01
1.910050251256281584e+00 1.840382239774633604e+02 1.598865090323460514e+01
1.920603015075376785e+00 1.845585969480601989e+02 1.625102845452901690e+01
1.931155778894472430e+00 1.850725963365485995e+02 1.651644472739041802e+01
1.941708542713568075e+00 1.855801561986697834e+02 1.678488860217681733e+01
1.952261306532663276e+00 1.860812114831963413e+02 1.705634870692373894e+01
1.962814070351758922e+00 1.865756980427547660e+02 1.733081341437807055e+01
1.973366834170854123e+00 1.870635526444661707e+02 1.760827083884890953e+01
1.983919597989949768e+00 1.875447129803751523e+02 1.788870883290785940e+01
1.994472361809045413e+00 1.880191176776526447e+02 1.817211498398501845e+01
2.005025125628140614e+00 1.884867063086039707e+02 1.845847661088918912e+01
2.015577889447236259e+00 1.889474194004575054e+02 1.874778076029076601e+01
2.026130653266331905e+00 1.894011984449326746e+02 1.904001420318921944e+01
2.036683417085427106e+00 1.898479859075879972e+02 1.933516343139338289e+01
2.047236180904522751e+00 1.902877252369636381e+02 1.963321465404725785e+01
2.057788944723617952e+00 1.907203608734866123e+02 1.993415379420601852e+01
2.068341708542713597e+00 1.911458382581570277e+02 2.023796648549472010e+01
2.078894472361809242e+00 1.915641038410173564e+02 2.054463806886532140e+01
2.089447236180904444e+00 1.919751050893853517e+02 2.085415358945786934e+01
2.100000000000000089e+00 1.923787904958631998e+02 2.116649779359086025e+01
